5 Blabla 37 28 10 2014 13 21 14
5 Blabla 37 28 10 2014 13 20 35
5 Blabla 37 28 10 2014 13 19 59
5 Blabla 37 28 10 2014 13 27 35
5 Blabla 0 28 10 2014 13 28 12
5 Zulva 32 29 10 2014 8 19 47
5 Zulva 9 29 10 2014 8 21 40
2 Zulva 30 30 10 2014 19 26 18
2 Zulva 76 29 10 2014 8 23 42
2 Natan 27 28 10 2014 7 17 32
2 Marco 999 17 11 2004 17 17 17
2 Luminto 694 18 9 2010 19 20 1
2 Marco 999 17 11 2004 17 17 17
2 Zulva 68 28 10 2014 13 18 11
2 Zulva 44 28 10 2014 13 18 48
3 Zulva 169 30 10 2014 22 20 33
3 Zulva 122 30 10 2014 22 17 58
3 Natan 700 22 10 2002 12 15 15
1 Zulva 0 29 10 2014 8 23 2
1 Tri 899 12 3 2012 10 10 10
1 Zulva 899 12 3 2012 10 14 15
1 Marco 890 12 3 2013 11 11 11
1 Marco 910 11 12 2014 20 18 45
1 Natan 0 22 10 2014 20 41 13
1 Zulva 51 22 10 2014 23 56 13
1 Zulva 36 22 10 2014 23 57 1
1 Zulva 0 22 10 2014 23 57 37
1 Zulva 0 22 10 2014 23 58 11
0 Zulva 83 30 10 2014 19 19 50
0 Zulva 39 30 10 2014 19 10 1
0 Zulva 52 30 10 2014 19 6 58
0 Zulva 0 30 10 2014 19 1 41
0 Zulva 0 30 10 2014 19 0 4
0 Zulva 18 30 10 2014 18 58 23
0 Zulva 0 30 10 2014 18 57 39
0 Zulva 16 30 10 2014 18 57 0
0 Zulva 10 30 10 2014 18 55 3
0 Zulva 0 30 10 2014 18 52 58
0 Zulva 16 30 10 2014 18 51 43
0 Zulva 0 30 10 2014 18 42 37
0 Zulva 25 30 10 2014 18 39 15
0 Zulva 0 30 10 2014 18 38 31
0 Zulva 16 30 10 2014 18 36 33
0 Zulva 0 30 10 2014 18 31 39
0 Zulva 0 30 10 2014 18 30 21
0 Zulva 55 30 10 2014 18 29 37
0 ssssssssss 0 30 10 2014 18 18 35
0 dsajdksaj 25 30 10 2014 17 27 34
0 Zulva 53 30 10 2014 16 36 2
0 Zulva 61 29 10 2014 15 26 14
0 Hai 38 29 10 2014 8 17 28
0 Zulva 9 28 10 2014 13 39 58
0 Zulva 0 28 10 2014 13 37 5
0 Zulva 35 28 10 2014 13 36 24
0 Zulva 11 28 10 2014 13 15 47
0 Natan 59 28 10 2014 11 5 10
0 Zulva 0 23 10 2014 0 33 1
0 Zulva 33 23 10 2014 0 32 9
0 Zulva 8 22 10 2014 23 51 15
0 Zulva 35 22 10 2014 23 50 25
0 Marco 321 22 10 2014 20 37 13
0 Marco 111 22 10 2014 20 36 55
0 Natan 126 22 10 2014 20 36 11
0 Natan 10 22 10 2014 21 35 16
0 Natan 162 22 10 2014 21 32 16
0 Natan 32 22 10 2014 21 36 16
0 Natan 88 22 10 2014 24 32 16
0 Natan 91 22 10 2014 23 37 16
0 Natan 72 22 10 2014 23 40 16
0 Natan 19 22 10 2014 21 25 53
0 Zulva 7 22 10 2014 23 46 19
0 Zulva 8 22 10 2014 23 46 56
0 Natan 31 25 10 2014 8 30 2
0 Natan 0 28 10 2014 11 3 58
0 Natan 0 28 10 2014 11 6 19
0 Zulva 38 28 10 2014 13 17 6
0 Blabla 53 28 10 2014 13 26 52
0 Icha 25 28 10 2014 13 29 7
0 Zulva 61 28 10 2014 13 38 46
0 Katniss 55 29 10 2014 8 45 55
0 Katniss 55 29 10 2014 8 46 30
0 Zulva 70 30 10 2014 16 34 11
0 Zulva 9 30 10 2014 17 8 29
0 Zulva 0 30 10 2014 17 53 1
0 Dininta 34 30 10 2014 18 22 4
0 Zulva 0 30 10 2014 18 35 18
0 Zulva 0 30 10 2014 18 35 53
0 Zulva 0 30 10 2014 18 37 17
0 Zulva 19 30 10 2014 18 41 9
0 Zulva 25 30 10 2014 18 47 26
0 Zulva 16 30 10 2014 18 48 6
0 Zulva 0 30 10 2014 18 50 15
0 Zulva 25 30 10 2014 18 54 2
0 Zulva 0 30 10 2014 18 56 8
0 Zulva 28 30 10 2014 18 59 5
0 Zulva 15 30 10 2014 19 0 45
0 Zulva 25 30 10 2014 19 2 40
0 Zulva 59 30 10 2014 19 12 13
0 Zulva 83 30 10 2014 19 24 18
0 Zulva 42 30 10 2014 22 7 36
7 Salvian 22 28 10 2014 13 45 6
7 Salvian 7 28 10 2014 13 45 46
7 Zulva 23 28 10 2014 13 49 46
7 Salvian 8 28 10 2014 13 57 52
7 Zulva 22 29 10 2014 8 45 13
.